{"Sex":"M","%Red Pixel":"43.2555","%Green pixel":"30.8421","%Blue pixel":"25.9025","Hb":"6.3","Anaemic":"Yes"}
{"Sex":"F","%Red Pixel":"45.6033","%Green pixel":"28.19","%Blue pixel":"26.2067","Hb":"13.5","Anaemic":"No"}
{"Sex":"F ","%Red Pixel":"45.0107","%Green pixel":"28.9677","%Blue pixel":"26.0215","Hb":"11.7","Anaemic":"No"}
{"Sex":"F","%Red Pixel":"44.5398","%Green pixel":"28.9899","%Blue pixel":"26.4703","Hb":"13.5","Anaemic":"No"}
{"Sex":"M ","%Red Pixel":"43.287","%Green pixel":"30.6972","%Blue pixel":"26.0158","Hb":"12.4","Anaemic":"No"}
{"Sex":"M","%Red Pixel":"45.0994","%Green pixel":"27.9645","%Blue pixel":"26.9361","Hb":"16.2","Anaemic":"No"}
{"Sex":"F","%Red Pixel":"43.1457","%Green pixel":"30.1628","%Blue pixel":"26.6915","Hb":"8.6","Anaemic":"Yes"}
{"Sex":"F ","%Red Pixel":"43.6103","%Green pixel":"29.1099","%Blue pixel":"27.2798","Hb":"10.3","Anaemic":"No"}
{"Sex":"F","%Red Pixel":"45.0423","%Green pixel":"29.166","%Blue pixel":"25.7918","Hb":"13","Anaemic":"No"}
{"Sex":"F","%Red Pixel":"46.5143","%Green pixel":"27.4282","%Blue pixel":"26.0575","Hb":"9.7","Anaemic":"Yes"}
{"Sex":"F","%Red Pixel":"45.3506","%Green pixel":"29.1248","%Blue pixel":"25.5246","Hb":"12.6","Anaemic":"No"}
{"Sex":"F","%Red Pixel":"44.4062","%Green pixel":"28.9298","%Blue pixel":"26.664","Hb":"15.4","Anaemic":"No"}
{"Sex":"F","%Red Pixel":"44.9642","%Green pixel":"30.5279","%Blue pixel":"24.5079","Hb":"4.8","Anaemic":"Yes"}
{"Sex":"M ","%Red Pixel":"45.0484","%Green pixel":"31.1049","%Blue pixel":"23.8467","Hb":"9","Anaemic":"Yes"}
{"Sex":"M ","%Red Pixel":"46.9942","%Green pixel":"26.0496","%Blue pixel":"26.9562","Hb":"14.6","Anaemic":"No"}
{"Sex":"M","%Red Pixel":"45.5842","%Green pixel":"28.7311","%Blue pixel":"25.6848","Hb":"14","Anaemic":"No"}
{"Sex":"F","%Red Pixel":"42.5358","%Green pixel":"30.1604","%Blue pixel":"27.3039","Hb":"10","Anaemic":"Yes"}
{"Sex":"F","%Red Pixel":"44.0957","%Green pixel":"29.9973","%Blue pixel":"25.907","Hb":"8.3","Anaemic":"Yes"}
{"Sex":"F","%Red Pixel":"45.7104","%Green pixel":"27.5693","%Blue pixel":"26.7204","Hb":"13.6","Anaemic":"No"}
{"Sex":"F ","%Red Pixel":"40.9365","%Green pixel":"31.9687","%Blue pixel":"27.0948","Hb":"9.9","Anaemic":"Yes"}
{"Sex":"F","%Red Pixel":"44.9116","%Green pixel":"30.3761","%Blue pixel":"24.7123","Hb":"11.6","Anaemic":"No"}
{"Sex":"F ","%Red Pixel":"43.4225","%Green pixel":"29.7889","%Blue pixel":"26.7886","Hb":"12.4","Anaemic":"No"}
{"Sex":"F","%Red Pixel":"43.3019","%Green pixel":"29.8285","%Blue pixel":"26.8697","Hb":"12.1","Anaemic":"No"}
{"Sex":"F ","%Red Pixel":"47.6372","%Green pixel":"26.7953","%Blue pixel":"25.5675","Hb":"15.1","Anaemic":"No"}
{"Sex":"M","%Red Pixel":"45.6906","%Green pixel":"30.0735","%Blue pixel":"24.2359","Hb":"9.1","Anaemic":"Yes"}
{"Sex":"M ","%Red Pixel":"43.4098","%Green pixel":"31.2315","%Blue pixel":"25.3586","Hb":"12.9","Anaemic":"No"}
{"Sex":"F","%Red Pixel":"44.4252","%Green pixel":"28.7436","%Blue pixel":"26.8312","Hb":"14.7","Anaemic":"No"}
{"Sex":"M","%Red Pixel":"44.3297","%Green pixel":"28.7617","%Blue pixel":"26.9086","Hb":"14.1","Anaemic":"No"}
{"Sex":"M","%Red Pixel":"47.8913","%Green pixel":"27.0952","%Blue pixel":"25.0135","Hb":"14.6","Anaemic":"No"}
{"Sex":"M","%Red Pixel":"42.2473","%Green pixel":"30.2089","%Blue pixel":"27.5438","Hb":"13.7","Anaemic":"No"}
{"Sex":"M","%Red Pixel":"44.2572","%Green pixel":"29.6578","%Blue pixel":"26.085","Hb":"12.9","Anaemic":"No"}
{"Sex":"M ","%Red Pixel":"48.6358","%Green pixel":"26.6982","%Blue pixel":"24.666","Hb":"15","Anaemic":"No"}
{"Sex":"M","%Red Pixel":"42.1652","%Green pixel":"29.3907","%Blue pixel":"28.4441","Hb":"13.4","Anaemic":"No"}
{"Sex":"M","%Red Pixel":"45.4434","%Green pixel":"28.3301","%Blue pixel":"26.2265","Hb":"14.5","Anaemic":"No"}
{"Sex":"F ","%Red Pixel":"42.1528","%Green pixel":"30.432","%Blue pixel":"27.4152","Hb":"13.7","Anaemic":"No"}
{"Sex":"M ","%Red Pixel":"45.2588","%Green pixel":"28.0079","%Blue pixel":"26.7333","Hb":"12.6","Anaemic":"No"}
{"Sex":"F ","%Red Pixel":"46.4081","%Green pixel":"28.1641","%Blue pixel":"25.4278","Hb":"13.5","Anaemic":"No"}
{"Sex":"M","%Red Pixel":"47.2275","%Green pixel":"28.2526","%Blue pixel":"24.5199","Hb":"12.8","Anaemic":"No"}
{"Sex":"F","%Red Pixel":"47.3642","%Green pixel":"27.473","%Blue pixel":"25.1628","Hb":"11.8","Anaemic":"No"}
{"Sex":"M ","%Red Pixel":"46.1449","%Green pixel":"27.7085","%Blue pixel":"26.1466","Hb":"14.1","Anaemic":"No"}
{"Sex":"M ","%Red Pixel":"41.7122","%Green pixel":"30.1452","%Blue pixel":"28.1426","Hb":"10.9","Anaemic":"No"}
{"Sex":"M","%Red Pixel":"47.9777","%Green pixel":"26.7981","%Blue pixel":"25.2242","Hb":"16.3","Anaemic":"No"}
{"Sex":"M","%Red Pixel":"46.7628","%Green pixel":"28.018","%Blue pixel":"25.2192","Hb":"15.2","Anaemic":"No"}
{"Sex":"M ","%Red Pixel":"44.9526","%Green pixel":"28.4671","%Blue pixel":"26.5803","Hb":"13.1","Anaemic":"No"}
{"Sex":"M","%Red Pixel":"44.1868","%Green pixel":"28.9764","%Blue pixel":"26.8368","Hb":"14.1","Anaemic":"No"}
{"Sex":"M ","%Red Pixel":"46.9428","%Green pixel":"27.2219","%Blue pixel":"25.8353","Hb":"13.3","Anaemic":"No"}
{"Sex":"M","%Red Pixel":"48.8523","%Green pixel":"26.2003","%Blue pixel":"24.9474","Hb":"14.1","Anaemic":"No"}
{"Sex":"M","%Red Pixel":"45.7581","%Green pixel":"27.2867","%Blue pixel":"26.9553","Hb":"11.8","Anaemic":"No"}
{"Sex":"M ","%Red Pixel":"48.5356","%Green pixel":"26.4917","%Blue pixel":"24.9727","Hb":"15.6","Anaemic":"No"}
{"Sex":"M ","%Red Pixel":"45.5833","%Green pixel":"27.6916","%Blue pixel":"26.7252","Hb":"11.7","Anaemic":"No"}
{"Sex":"M","%Red Pixel":"45.9659","%Green pixel":"28.4015","%Blue pixel":"25.6326","Hb":"13","Anaemic":"No"}
{"Sex":"M","%Red Pixel":"44.0418","%Green pixel":"28.5164","%Blue pixel":"27.4418","Hb":"11.9","Anaemic":"No"}
{"Sex":"M","%Red Pixel":"43.9633","%Green pixel":"28.5978","%Blue pixel":"27.439","Hb":"13.4","Anaemic":"No"}
{"Sex":"F ","%Red Pixel":"47.1003","%Green pixel":"28.3195","%Blue pixel":"24.5801","Hb":"12.4","Anaemic":"No"}
{"Sex":"M ","%Red Pixel":"46.0477","%Green pixel":"28.6476","%Blue pixel":"25.3047","Hb":"14.4","Anaemic":"No"}
{"Sex":"M ","%Red Pixel":"46.2133","%Green pixel":"28.3358","%Blue pixel":"25.4509","Hb":"13","Anaemic":"No"}
{"Sex":"M","%Red Pixel":"49.1475","%Green pixel":"28.2711","%Blue pixel":"22.5813","Hb":"12.6","Anaemic":"No"}
{"Sex":"M ","%Red Pixel":"45.7986","%Green pixel":"27.7309","%Blue pixel":"26.4706","Hb":"13","Anaemic":"No"}
{"Sex":"M ","%Red Pixel":"40.6395","%Green pixel":"32.1891","%Blue pixel":"27.1714","Hb":"2.8","Anaemic":"Yes"}
{"Sex":"F ","%Red Pixel":"50.3562","%Green pixel":"29.2206","%Blue pixel":"20.4232","Hb":"11.9","Anaemic":"No"}
{"Sex":"F ","%Red Pixel":"43.9224","%Green pixel":"29.8338","%Blue pixel":"26.2437","Hb":"12.1","Anaemic":"No"}
{"Sex":"F ","%Red Pixel":"45.0693","%Green pixel":"29.8506","%Blue pixel":"25.0801","Hb":"10","Anaemic":"Yes"}
{"Sex":"F ","%Red Pixel":"45.8483","%Green pixel":"27.2043","%Blue pixel":"26.9474","Hb":"15.5","Anaemic":"No"}
{"Sex":"M ","%Red Pixel":"43.4837","%Green pixel":"30.7106","%Blue pixel":"25.8057","Hb":"10.5","Anaemic":"Yes"}
{"Sex":"F ","%Red Pixel":"38.7968","%Green pixel":"31.3618","%Blue pixel":"29.8414","Hb":"8.5","Anaemic":"Yes"}
{"Sex":"F ","%Red Pixel":"45.4201","%Green pixel":"29.4684","%Blue pixel":"25.1115","Hb":"12","Anaemic":"No"}
{"Sex":"M ","%Red Pixel":"44.1609","%Green pixel":"29.5993","%Blue pixel":"26.2399","Hb":"9.5","Anaemic":"Yes"}
{"Sex":"F ","%Red Pixel":"44.1609","%Green pixel":"29.5993","%Blue pixel":"26.2399","Hb":"12.5","Anaemic":"No"}
{"Sex":"F","%Red Pixel":"42.5892","%Green pixel":"31.5405","%Blue pixel":"25.8703","Hb":"9","Anaemic":"Yes"}
{"Sex":"F ","%Red Pixel":"46.9597","%Green pixel":"28.4993","%Blue pixel":"24.541","Hb":"8.4","Anaemic":"Yes"}
{"Sex":"F ","%Red Pixel":"44.1995","%Green pixel":"29.486","%Blue pixel":"26.3145","Hb":"11.2","Anaemic":"No"}
{"Sex":"M ","%Red Pixel":"41.133","%Green pixel":"32.3681","%Blue pixel":"26.4989","Hb":"10","Anaemic":"Yes"}
{"Sex":"F ","%Red Pixel":"52.9108","%Green pixel":"26.7881","%Blue pixel":"20.301","Hb":"11.5","Anaemic":"No"}
{"Sex":"M ","%Red Pixel":"50.4976","%Green pixel":"28.8065","%Blue pixel":"20.696","Hb":"11.1","Anaemic":"No"}
{"Sex":"M ","%Red Pixel":"44.72","%Green pixel":"28.0357","%Blue pixel":"27.2443","Hb":"14","Anaemic":"No"}
{"Sex":"M","%Red Pixel":"53.9113","%Green pixel":"26.3455","%Blue pixel":"19.7433","Hb":"14.5","Anaemic":"No"}
{"Sex":"F","%Red Pixel":"49.5899","%Green pixel":"28.9754","%Blue pixel":"21.4347","Hb":"9.9","Anaemic":"Yes"}
{"Sex":"F","%Red Pixel":"45.9707","%Green pixel":"30.9397","%Blue pixel":"23.0896","Hb":"8.7","Anaemic":"Yes"}
{"Sex":"F","%Red Pixel":"42.4532","%Green pixel":"30.9448","%Blue pixel":"26.602","Hb":"9.2","Anaemic":"Yes"}
{"Sex":"F ","%Red Pixel":"44.3346","%Green pixel":"30.4043","%Blue pixel":"25.2611","Hb":"8","Anaemic":"Yes"}
{"Sex":"F ","%Red Pixel":"43.8783","%Green pixel":"29.4752","%Blue pixel":"26.6465","Hb":"14.1","Anaemic":"No"}
{"Sex":"F","%Red Pixel":"42.8269","%Green pixel":"29.0594","%Blue pixel":"28.1137","Hb":"12.7","Anaemic":"No"}
{"Sex":"F","%Red Pixel":"43.1335","%Green pixel":"29.3459","%Blue pixel":"27.5206","Hb":"10.4","Anaemic":"Yes"}
{"Sex":"M","%Red Pixel":"45.4735","%Green pixel":"27.9181","%Blue pixel":"26.6084","Hb":"16","Anaemic":"No"}
{"Sex":"F","%Red Pixel":"50.4801","%Green pixel":"25.1403","%Blue pixel":"24.3796","Hb":"11.5","Anaemic":"No"}
{"Sex":"F","%Red Pixel":"46.255","%Green pixel":"27.2758","%Blue pixel":"26.4692","Hb":"11","Anaemic":"No"}
{"Sex":"M","%Red Pixel":"46.7979","%Green pixel":"28.1768","%Blue pixel":"25.0253","Hb":"14","Anaemic":"No"}
{"Sex":"M ","%Red Pixel":"46.5811","%Green pixel":"29.7082","%Blue pixel":"23.7107","Hb":"11.3","Anaemic":"No"}
{"Sex":"M ","%Red Pixel":"54.6478","%Green pixel":"25.8109","%Blue pixel":"19.5413","Hb":"15.2","Anaemic":"No"}
{"Sex":"M","%Red Pixel":"48.8763","%Green pixel":"29.4806","%Blue pixel":"21.6431","Hb":"12.5","Anaemic":"No"}
{"Sex":"F ","%Red Pixel":"46.3745","%Green pixel":"28.882","%Blue pixel":"24.7435","Hb":"10.7","Anaemic":"No"}
{"Sex":"M ","%Red Pixel":"43.1425","%Green pixel":"30.289","%Blue pixel":"26.5686","Hb":"9.5","Anaemic":"Yes"}
{"Sex":"M ","%Red Pixel":"49.5037","%Green pixel":"26.7716","%Blue pixel":"23.7246","Hb":"14.5","Anaemic":"No"}
{"Sex":"M ","%Red Pixel":"47.7549","%Green pixel":"26.2457","%Blue pixel":"25.9994","Hb":"15.2","Anaemic":"No"}
{"Sex":"F ","%Red Pixel":"42.5314","%Green pixel":"30.9742","%Blue pixel":"26.4944","Hb":"8.7","Anaemic":"Yes"}
{"Sex":"M","%Red Pixel":"52.154","%Green pixel":"26.0853","%Blue pixel":"21.7607","Hb":"16","Anaemic":"No"}
{"Sex":"F","%Red Pixel":"51.5802","%Green pixel":"28.2678","%Blue pixel":"20.152","Hb":"13.2","Anaemic":"No"}
{"Sex":"M","%Red Pixel":"48.3681","%Green pixel":"26.922","%Blue pixel":"24.7099","Hb":"12.5","Anaemic":"No"}
{"Sex":"M ","%Red Pixel":"47.326","%Green pixel":"27.278","%Blue pixel":"25.396","Hb":"13","Anaemic":"No"}
{"Sex":"F ","%Red Pixel":"49.9999","%Green pixel":"29.286","%Blue pixel":"20.7141","Hb":"14.5","Anaemic":"Yes"}
{"Sex":"M ","%Red Pixel":"42.2324","%Green pixel":"30.6757","%Blue pixel":"27.0919","Hb":"6.3","Anaemic":"Yes"}
{"Sex":"F","%Red Pixel":"45.6064","%Green pixel":"31.9084","%Blue pixel":"22.4852","Hb":"12.7","Anaemic":"No"}
{"Sex":"M ","%Red Pixel":"45.2095","%Green pixel":"29.2769","%Blue pixel":"25.5136","Hb":"13.4","Anaemic":"No"}
{"Sex":"F","%Red Pixel":"43.5706","%Green pixel":"29.8094","%Blue pixel":"26.6199","Hb":"12.2","Anaemic":"No"}
